272
4
2

8
1
8


1
0
1
-15
1
10362
0
0
0
1
100
0
0
26
4096
4096
32767
2049
2048
2048
0
0
0
32767
4096


1
0
1
-12
1
10362
0
0
0
1
100
0
0
26
4096
4096
32767
2049
2048
2048
0
0
0
32767
4096


1
0
1
-9
1
10362
0
0
0
1
100
0
0
26
4096
4096
32767
2049
2048
2048
0
0
0
32767
4096


1
0
1
-6
1
10362
0
0
0
1
100
0
0
26
4096
4096
32767
2049
2048
2048
0
0
0
32767
4096


1
0
1
-3
1
10362
0
0
0
1
100
0
0
26
4096
4096
32767
2049
2048
2048
0
0
0
32767
4096


1
0
1
0
1
10362
0
0
0
1
375
0
0
26
4096
4096
32767
2049
2048
2048
0
0
0
32767
4096


1
0
1
3
1
10362
0
0
0
1
375
0
0
26
4096
4096
32767
2049
2048
2048
0
0
0
32767
4096


1
0
1
6
1
10362
0
0
0
1
375
0
0
26
4096
4096
32767
2049
2048
2048
0
0
0
32767
4096


1
32
2704
519
248
-554
-66
-388
178
-38
206
19
167
94
157
101
88
57
51
30
28
11
2
2
3
1
0
0
0
0
0
0
0
0
0
0
0
0
0
0
0
0
0
0
0
0
0
0
0
0
0
0
0
0
0
0
0
0
0
0
0
0
0
0
0
0
