222
4
2

2
1
6


1
0
1
-9
1
10362
0
0
0
1
100
0
0
26
1024
20000
23198
256
2048
512
12055
32604
32441
28000
1024


1
0
1
-8
1
10362
0
0
0
1
100
0
0
26
1024
20000
23198
256
2048
512
12055
32604
32441
28000
1024


1
0
1
-5
1
10362
0
0
0
1
300
0
0
26
1024
20000
23198
256
2048
512
12055
32604
32441
28000
1024


1
0
1
-2
1
10362
0
0
0
1
300
0
0
26
1024
20000
23198
256
2048
512
12055
32604
32441
28000
1024


1
0
1
1
1
10362
0
0
0
1
300
0
0
26
1024
20000
23198
256
2048
512
12055
32604
32441
28000
1024


1
0
1
4
1
10362
0
0
0
1
375
0
0
26
1024
20000
23198
256
2048
512
12055
32604
32441
28000
1024


0
32
-51
-11
3
9
-23
-44
-60
-18
47
145
210
229
152
22
-146
-265
3773
-266
-146
23
150
228
211
147
46
-19
-58
-44
-22
10
2
-12
0
0
0
0
0
0
0
0
0
0
0
0
0
0
0
0
0
0
0
0
0
0
0
0
0
0
0
0
0
0
0
0
