222
4
2

1
1
6


1
0
1
-19
1
10362
0
0
0
0
400
0
0
26
1024
20000
23198
256
2048
512
12055
32604
32441
28000
1024


1
0
1
-16
1
10362
0
0
0
0
100
0
0
26
1024
20000
23198
256
2048
512
12055
32604
32441
28000
1024


1
0
1
-13
1
10362
0
0
0
0
100
0
0
26
1024
20000
23198
256
2048
512
12055
32604
32441
28000
1024


1
0
1
-10
1
10362
0
0
0
0
100
0
0
26
1024
20000
23198
256
2048
512
12055
32604
32441
28000
1024


1
0
1
-7
1
10362
0
0
0
0
100
0
0
26
1024
20000
23198
256
2048
512
12055
32604
32441
28000
1024


1
0
1
-4
1
10362
0
0
0
0
100
0
0
26
1024
20000
23198
256
2048
512
12055
32604
32441
28000
1024


1
32
62
21
-85
-29
50
-2
-11
38
-50
-47
187
242
63
151
205
-319
3350
-319
205
153
61
243
189
-51
-52
38
-13
-1
49
-35
-90
31
0
0
0
0
0
0
0
0
0
0
0
0
0
0
0
0
0
0
0
0
0
0
0
0
0
0
0
0
0
0
0
0
