191
4
3

8
1

1
0
0
240
0
6
1
300
1
63
0
4096
4096
0
96
8192
1024
96
8192
1024
2
767
3000
3000
768
256
256
3000
280
10362
10168
256
512
768
150
16384
16384
1
1
32
64
64
16800
4096
0
2549
14
0
8192
8192
2048
40
2048
1568
40
2048
1568
1
776
32
1024
800
32
1024
800
1
776
1
32767
8192
23062
-11398
-2622
4704
8698
8807
4494
835
481
209
6655
7358
-1669
4806
-598
-880
16
655
1024
16
1638
181
10
16384
10000
16000
5000
128
9830
16384
6554
6554
9830
512
12288
10240
400
230
26213
0
7
16384
256
4096
12055
32442
23170
4096
0
0
0
32
3438
1365
697
-603
42
-118
-57
-383
-134
-239
-315
-292
15
174
174
163
144
92
50
32
25
-2
-30
-43
-35
-23
-11
-3
0
0
0
0
0
0
0
0
0
0
0
0
0
0
0
0
0
0
0
0
0
0
0
0
0
0
0
0
0
0
0
0
0
0
0
0
